%YAML:1.0
---
mtxL: !!opencv-matrix
   rows: 3
   cols: 3
   dt: d
   data: [ 6.1529824597900824e+02, 0.0000000000000000e+00, 3.1546284893303562e+02, 0.0000000000000000e+00, 6.1736409836368205e+02, 2.5115451451425290e+02, 0.0000000000000000e+00, 0.0000000000000000e+00, 1.0000000000000000e+00 ]
distL: !!opencv-matrix
   rows: 1
   cols: 5
   dt: d
   data: [ -1.6571450980119213e-02, -1.7601818333015731e-01, 4.1909447851416591e-04, 3.2811403709433543e-03, 5.7576754740755753e-01 ]
mtxR: !!opencv-matrix
   rows: 3
   cols: 3
   dt: d
   data: [ 6.1396196389112174e+02, 0.0000000000000000e+00, 3.5139180528832276e+02, 0.0000000000000000e+00, 6.1540266337977516e+02, 2.4772832906959849e+02, 0.0000000000000000e+00, 0.0000000000000000e+00, 1.0000000000000000e+00 ]
distR: !!opencv-matrix
   rows: 1
   cols: 5
   dt: d
   data: [ -4.4493259323571718e-02, 1.9134761207615375e-01, 5.9918521895373309e-04, 4.5407485076163160e-03, -4.4641670142939044e-01 ]
R: !!opencv-matrix
   rows: 3
   cols: 3
   dt: d
   data: [ 9.9996443097670207e-01, 2.0596515867234069e-03, 8.1789129339790087e-03, -2.0265010283575264e-03, 9.9998970724930325e-01, -4.0593951562795643e-03, -8.1871896901419862e-03, 4.0426761920871000e-03, 9.9995831247816702e-01 ]
T: !!opencv-matrix
   rows: 3
   cols: 1
   dt: d
   data: [ -6.4217934232658355e-02, -3.5684782400335633e-05, 6.5981072252907513e-04 ]
